# The firmware's OLED font, FONT_6X10 from embedded-graphics 0.8, for the
# Renode SSD1306 model's text reader (renode/ssd1306.cs). Generated by
# tests/oled_font.rs: rewrite it with
# `UPDATE_OLED_FONT=1 cargo test --locked --test oled_font`.
# One glyph per line: the character code, then its 10 rows from the top,
# each a 6-bit value whose bit 5 is the leftmost pixel.
20 00 00 00 00 00 00 00 00 00 00
21 00 08 08 08 08 08 00 08 00 00
22 00 14 14 14 00 00 00 00 00 00
23 00 14 14 3e 14 3e 14 14 00 00
24 00 08 1c 28 1c 0a 1c 08 00 00
25 00 12 2a 14 08 14 2a 24 00 00
26 00 10 28 28 10 2a 24 1a 00 00
27 00 08 08 08 00 00 00 00 00 00
28 00 04 08 10 10 10 08 04 00 00
29 00 10 08 04 04 04 08 10 00 00
2a 00 00 22 14 3e 14 22 00 00 00
2b 00 00 08 08 3e 08 08 00 00 00
2c 00 00 00 00 00 00 0c 08 10 00
2d 00 00 00 00 3e 00 00 00 00 00
2e 00 00 00 00 00 00 08 1c 08 00
2f 00 02 02 04 08 10 20 20 00 00
30 00 08 14 22 22 22 14 08 00 00
31 00 08 18 28 08 08 08 3e 00 00
32 00 1c 22 02 0c 10 20 3e 00 00
33 00 3e 02 04 0c 02 22 1c 00 00
34 00 04 0c 14 24 3e 04 04 00 00
35 00 3e 20 2c 32 02 22 1c 00 00
36 00 0c 10 20 2c 32 22 1c 00 00
37 00 3e 02 04 04 08 10 10 00 00
38 00 1c 22 22 1c 22 22 1c 00 00
39 00 1c 22 26 1a 02 04 18 00 00
3a 00 00 08 1c 08 00 08 1c 08 00
3b 00 00 08 1c 08 00 0c 08 10 00
3c 00 02 04 08 10 08 04 02 00 00
3d 00 00 00 3e 00 3e 00 00 00 00
3e 00 10 08 04 02 04 08 10 00 00
3f 00 1c 22 04 08 08 00 08 00 00
40 00 1c 22 26 2a 2c 20 1c 00 00
41 00 08 14 22 22 3e 22 22 00 00
42 00 3c 12 12 1c 12 12 3c 00 00
43 00 1c 22 20 20 20 22 1c 00 00
44 00 3c 12 12 12 12 12 3c 00 00
45 00 3e 20 20 3c 20 20 3e 00 00
46 00 3e 20 20 3c 20 20 20 00 00
47 00 1c 22 20 20 26 22 1c 00 00
48 00 22 22 22 3e 22 22 22 00 00
49 00 1c 08 08 08 08 08 1c 00 00
4a 00 0e 04 04 04 04 24 18 00 00
4b 00 22 24 28 30 28 24 22 00 00
4c 00 20 20 20 20 20 20 3e 00 00
4d 00 22 22 36 2a 22 22 22 00 00
4e 00 22 22 32 2a 26 22 22 00 00
4f 00 1c 22 22 22 22 22 1c 00 00
50 00 3c 22 22 3c 20 20 20 00 00
51 00 1c 22 22 22 22 2a 1c 02 00
52 00 3c 22 22 3c 28 24 22 00 00
53 00 1c 22 20 1c 02 22 1c 00 00
54 00 3e 08 08 08 08 08 08 00 00
55 00 22 22 22 22 22 22 1c 00 00
56 00 22 22 22 14 14 14 08 00 00
57 00 22 22 22 2a 2a 36 22 00 00
58 00 22 22 14 08 14 22 22 00 00
59 00 22 22 14 08 08 08 08 00 00
5a 00 3e 02 04 08 10 20 3e 00 00
5b 00 1c 10 10 10 10 10 1c 00 00
5c 00 20 20 10 08 04 02 02 00 00
5d 00 1c 04 04 04 04 04 1c 00 00
5e 00 08 14 22 00 00 00 00 00 00
5f 00 00 00 00 00 00 00 00 3e 00
60 08 04 00 00 00 00 00 00 00 00
61 00 00 00 1c 02 1e 22 1e 00 00
62 00 20 20 2c 32 22 32 2c 00 00
63 00 00 00 1c 22 20 22 1c 00 00
64 00 02 02 1a 26 22 26 1a 00 00
65 00 00 00 1c 22 3e 20 1c 00 00
66 00 0c 12 10 3c 10 10 10 00 00
67 00 00 00 1e 22 22 1e 02 22 1c
68 00 20 20 2c 32 22 22 22 00 00
69 00 08 00 18 08 08 08 1c 00 00
6a 00 02 00 06 02 02 02 12 12 0c
6b 00 20 20 22 24 38 24 22 00 00
6c 00 18 08 08 08 08 08 1c 00 00
6d 00 00 00 34 2a 2a 2a 22 00 00
6e 00 00 00 2c 32 22 22 22 00 00
6f 00 00 00 1c 22 22 22 1c 00 00
70 00 00 00 2c 32 22 32 2c 20 20
71 00 00 00 1a 26 22 26 1a 02 02
72 00 00 00 2c 32 20 20 20 00 00
73 00 00 00 1c 20 1c 02 3c 00 00
74 00 10 10 3c 10 10 12 0c 00 00
75 00 00 00 22 22 22 26 1a 00 00
76 00 00 00 22 22 14 14 08 00 00
77 00 00 00 22 22 2a 2a 14 00 00
78 00 00 00 22 14 08 14 22 00 00
79 00 00 00 22 22 26 1a 02 22 1c
7a 00 00 00 3e 04 08 10 3e 00 00
7b 00 06 08 04 18 04 08 06 00 00
7c 00 08 08 08 08 08 08 08 00 00
7d 00 18 04 08 06 08 04 18 00 00
7e 00 12 2a 24 00 00 00 00 00 00
